Algorithme de Gauss-Newton
--------------------------
residu_C14(beta0, Donnees)
       4.9877
       4.4516
       3.8127
       3.3918
       3.1968
       2.8347
       2.6741

J_residu_C14(beta0, Donnees)
     -0.95123       4756.1
     -0.90484       9048.4
     -0.81873        16375
     -0.74082        22225
     -0.67032        26813
     -0.60653        30327
     -0.53259        33553

--------------------------------------------------------------------------------------------
     nb_iter         A0        lambda    ||f'(beta)||     f(beta)    ||delta||     exitflag 
--------------------------------------------------------------------------------------------
            0           10       0.0001   4.6322e+05        48.07

     0     0     0     0     0     0     0

     0     0     0     0     0     0     0

     0     0     0     0     0     0     0

     0     0     0     0     0     0     0

     0     0     0     0     0     0     0

     0     0     0     0     0     0     0

     0     0     0     0     0     0     0

     0     0     0     0     0     0     0

--------------------------------------------------------------------------------------------
Algorithme de Newton
--------------------

H_f =

       4.0436       -94447
       -94447   3.6429e+09


H_f =

       4.0436       -90419
       -90419   3.6831e+09


H_f =

       4.0436       -84176
       -84176    3.808e+09


H_f =

       4.0436       -76638
       -76638   4.0341e+09


H_f =

       4.0436       -68067
       -68067    4.377e+09


H_f =

       4.0436       -59470
       -59470   4.8068e+09


H_f =

       4.0436       -50497
       -50497   5.3721e+09

Hessienne f(beta^{(0)})
       4.0436       -50497
       -50497   5.3721e+09

--------------------------------------------------------------------------------------------
     nb_iter         A0        lambda    ||f'(beta)||     f(beta)    ||delta||     exitflag 
--------------------------------------------------------------------------------------------
            0           10       0.0001   4.6322e+05        48.07

     0     0     0     0     0     0     0

     0     0     0     0     0     0     0

     0     0     0     0     0     0     0

     0     0     0     0     0     0     0

     0     0     0     0     0     0     0

     0     0     0     0     0     0     0

     0     0     0     0     0     0     0

     0     0     0     0     0     0     0

--------------------------------------------------------------------------------------------
